-21.327944572748272 1187.4285714285713
-19.94226327944573 1002.2857142857142
-18.48729792147806 835.4285714285713
-16.963048498845268 679.9999999999999
-15.369515011547346 540.5714285714284
-13.706697459584294 417.142857142857
-11.974595842956123 309.71428571428555
-9.96535796766744 215.99999999999977
-8.094688221709006 140.57142857142844
-6.154734411085453 78.85714285714289
-4.145496535796767 35.42857142857133
-2.0669745958429573 7.999999999999773
-0.05773672055427426 -1.1428571428571104
2.228637413394914 7.999999999999773
4.792147806004614 35.42857142857133
7.424942263279448 83.42857142857133
10.1270207852194 149.71428571428555
13.036951501154725 238.85714285714278
16.016166281755197 353.1428571428571
19.203233256351034 488
22.45958429561201 647.9999999999999
25.854503464203233 835.4285714285713
29.457274826789835 1048
